2147483647C
0 0
543 1
3634 1
1292 1
1292 1
1292 1
1287 1
1304 1
1309 1
1440 1
1432 1
611 1
950 1
-628 -1
1357 1
-974 -1
1431 1
-1391 -1
1484 1
-1466 -1
1388 1
1321 1
-1428 -1
1371 1
1563 1
1549 1
1432 1
1421 1
1432 1
802782 1
8765 1
3120 1
13041 1
7805 1
1651 1
883 1
945 1
-912 -1
1065 1
2848 1
3649 1
2921 1
3667 1
3642 1
-13275 -1
45824 1
45815 1
4176 1
2613 1
2661 1
2751 1
2755 1
2692 1
2665 1
2741 1
2666 1
2759 1
3591 1
2777 1
2779 1
2664 1
2745 1
2761 1
3582 1
2671 1
2676 1
2763 1
2765 1
2763 1
3497 1
7125 1
4810 1
4226 1
4912 1
1455 1
2254 1
-1496 -1
2526 1
-2315 -1
2687 1
2768 1
2762 1
2771 1
48160 1
-49289 -1
4480 1
1766 1
14215 1
-1810 -1
4723 1
-14473 -1
1174 1
1919 1
-1211 -1
2037 1
-1965 -1
2371 1
-2085 -1
3122 1
-2426 -1
3496 1
-3189 -1
94497 1
-3577 -1
95524 1
95523 1
1144661 1
1143053 1
1143054 1
1143062 1
1143057 1
1143055 1
1143057 1
1143877 1
7841 1
3504 1
3519 1
2721 1
3185 1
6609 1
24759 1
14088 1
20392 1
64228 1
14119 1
19286 1
9249 1
14404 1
61287 1
239017 1
31096 1
11027 1
11361 1
10964 1
10208 1
-10359 -1
1765 1
28046 1
48692 1
31096 1
610369 1
2094 1
11032 1
11319 1
11017 1
1971 1
11017 1
11319 1
11032 1
-33503 -3
31096 1
-31533 -1
-11077 -1
-11062 -1
-11364 -1
3419 1
1338 1
-1364 -1
23797 1
54104 1
74279 1
42409 1
42431 1
43152 1
42505 1
42452 1
-43494 -1
43266 1
41512 1
41528 1
41509 1
41519 1
41509 1
41500 1
41500 1
41500 1
41988 1
41705 1
48372 1
41629 1
-49460 -1
3502 1
3417 1
4939 1
41567 1
4336 1
42508 1
41655 1
41642 1
42468 1
43426 1
41690 1
48692 1
4844 1
38048 1
4843 1
41676 1
41623 1
42553 1
43421 1
11319 1
11032 1
11017 1
-33503 -3
6673 1
27876 1
38286 1
3209 1
-3303 -1
34762 1
42152 1
38284 1
31096 1
-31533 -1
239256 1
41943 1
45225 1
29772 1
38943 1
45540 1
75945 1
247292 1
203929 1
48692 1
-49369 -1
27772 1
46387 1
-47481 -1
-28285 -1
45900 1
75769 1
1670 1
75711 1
45699 1
248375 1
56177 1
44410 1
-57472 -1
204410 1
-77417 -1
