2147483647C
0 0
16925 1
15639 1
20120 1
19112 1
19155 1
860 1
1050920 1
19155 1
-19430 -1
12364 1
572 1
2159 1
-589 -1
2255 1
-2212 -1
-12573 -1
788 1
981 1
-809 -1
5140 1
1431 1
48653 1
696 1
915 1
949 1
-942 -1
833 1
691 1
5126 1
1729 1
19155 1
-19430 -1
6272 1
7264 1
2658 1
677 1
845 1
893 1
-870 -1
257 1
12365 1
770 1
953 1
-798 -1
5885 1
2077 1
2032 1
-2140 -1
19155 1
-19430 -1
704 1
960 1
-722 -1
1050141 1
-991 -1
1050274 1
12365 1
-12574 -1
277 1
802 1
-286 -1
-266 -1
12365 1
-12574 -1
12365 1
-12574 -1
12365 1
-12574 -1
