2147483647C
107875664 344
-19973 -1
222101 1
19516 1
-19849 -1
40465 1
5836 1
15307 1
6754 1
3356 1
4972 1
22061 1
17470 1
16521 1
17617 1
-16840 -1
17958 1
-17953 -1
19006 1
-18301 -1
19729 1
-19368 -1
20311 1
-20100 -1
20386 1
-20699 -1
29632 1
3287 1
28429 1
28446 1
-28985 -1
29211 1
-29003 -1
29853 1
-29781 -1
30265 1
-30435 -1
2193 1
54930 1
4981 1
5058 1
5027 1
5145 1
5206 1
5206 1
5310 1
5300 1
48731 1
3901 1
4586 1
4599 1
-4726 -1
25140 1
2981 1
2939 1
5797 1
4314 1
7113 1
39230 1
2661 1
37716 1
38438 1
-38466 -1
39074 1
-39201 -1
39337 1
-39849 -1
5428 1
2681 1
32441 1
48273 1
45756 1
40764 1
6772 1
15310 1
